parallel (MIN, MAX, HOME, PROPOSED)
1.    1 	200		  80    	-90
2. -360 	360		 -30		-70
3. -180 	180		-115		-80
4. -300	-70		-214	       -180
5. -180	  0		-100		-90
6. -200	-15		 -66		0

home: -2.0212159156799316, -0.5023895067027588, 1.4975743293762207, -3.758327146569723, -1.7106316725360315, -1.1699584166156214


pick (MIN, MAX, HOME, PROPOSED)
1.	1	200		 85		-90
2.   -360	360		-70		-70
3.   -180	180		-80		-80
4.   -120	  0	       -123		-90
5.      0	180		 91		 90
6.    -90	210		108		  180

home: -1.3748717308044434, -1.198796109562256, 1.5135228633880615, -2.166239400903219, 1.6133198738098145, 1.8741190433502197


proposed
1. -190	 10		 
2. -360	360		 
3. -180	180		  
4. -300	  0
5. -180	180
6. -90  	270		   
